3,100410517517,100410100100,100410100100,100410515515,100410515515,100410517517,
3,100410517517,100410100100,100410100100,100410513513,100410513513,100410517517,
3,100410517517,100410515515,100410515515,100410513513,100410513513,100410517517,
3,100410100100,100410515515,100410515515,100410519519,100410519519,100410100100,
3,100410100100,100410515515,100410515515,100410513513,100410513513,100410100100,
3,100410100100,100410519519,100410519519,100410512512,100410512512,100410100100,
3,100410100100,100410513513,100410513513,100410516516,100410516516,100410100100,
3,100410100100,100410518518,100410518518,100410516516,100410516516,100410100100,
3,100410518518,100410511511,100410511511,100410516516,100410516516,100410518518,
4,100410517517,100410100100,100410100100,100410515515,100410515515,100410513513,100410513513,100410517517,
4,100410517517,100410100100,100410100100,100410519519,100410519519,100410515515,100410515515,100410517517,
4,100410517517,100410100100,100410100100,100410516516,100410516516,100410513513,100410513513,100410517517,
4,100410100100,100410515515,100410515515,100410519519,100410519519,100410512512,100410512512,100410100100,
4,100410100100,100410515515,100410515515,100410513513,100410513513,100410516516,100410516516,100410100100,
4,100410100100,100410519519,100410519519,100410515515,100410515515,100410513513,100410513513,100410100100,
4,100410100100,100410513513,100410513513,100410516516,100410516516,100410518518,100410518518,100410100100,
4,100410100100,100410518518,100410518518,100410511511,100410511511,100410516516,100410516516,100410100100,
5,100410517517,100410100100,100410100100,100410519519,100410519519,100410515515,100410515515,100410513513,100410513513,100410517517,
5,100410517517,100410100100,100410100100,100410518518,100410518518,100410516516,100410516516,100410513513,100410513513,100410517517,
5,100410517517,100410100100,100410100100,100410512512,100410512512,100410519519,100410519519,100410515515,100410515515,100410517517,
5,100410517517,100410100100,100410100100,100410516516,100410516516,100410513513,100410513513,100410515515,100410515515,100410517517,
5,100410100100,100410515515,100410515515,100410513513,100410513513,100410516516,100410516516,100410518518,100410518518,100410100100,
5,100410100100,100410519519,100410519519,100410515515,100410515515,100410513513,100410513513,100410516516,100410516516,100410100100,
5,100410100100,100410513513,100410513513,100410515515,100410515515,100410519519,100410519519,100410512512,100410512512,100410100100,
5,100410100100,100410513513,100410513513,100410516516,100410516516,100410511511,100410511511,100410518518,100410518518,100410100100,
6,100410517517,100410100100,100410100100,100410518518,100410518518,100410511511,100410511511,100410516516,100410516516,100410513513,100410513513,100410517517,
6,100410517517,100410100100,100410100100,100410518518,100410518518,100410516516,100410516516,100410513513,100410513513,100410515515,100410515515,100410517517,
6,100410517517,100410100100,100410100100,100410512512,100410512512,100410519519,100410519519,100410515515,100410515515,100410513513,100410513513,100410517517,
6,100410517517,100410515515,100410515515,100410519519,100410519519,100410100100,100410100100,100410516516,100410516516,100410513513,100410513513,100410517517,
6,100410100100,100410515515,100410515515,100410513513,100410513513,100410516516,100410516516,100410511511,100410511511,100410518518,100410518518,100410100100,
6,100410100100,100410519519,100410519519,100410515515,100410515515,100410513513,100410513513,100410516516,100410516516,100410518518,100410518518,100410100100,
6,100410100100,100410512512,100410512512,100410519519,100410519519,100410515515,100410515515,100410513513,100410513513,100410516516,100410516516,100410100100,
7,100410517517,100410100100,100410100100,100410518518,100410518518,100410511511,100410511511,100410516516,100410516516,100410513513,100410513513,100410515515,100410515515,100410517517,
7,100410517517,100410515515,100410515515,100410519519,100410519519,100410100100,100410100100,100410518518,100410518518,100410516516,100410516516,100410513513,100410513513,100410517517,
7,100410517517,100410515515,100410515515,100410519519,100410519519,100410512512,100410512512,100410100100,100410100100,100410516516,100410516516,100410513513,100410513513,100410517517,
7,100410100100,100410519519,100410519519,100410515515,100410515515,100410513513,100410513513,100410516516,100410516516,100410511511,100410511511,100410518518,100410518518,100410100100,
7,100410100100,100410518518,100410518518,100410516516,100410516516,100410513513,100410513513,100410515515,100410515515,100410519519,100410519519,100410512512,100410512512,100410100100,
8,100410517517,100410515515,100410515515,100410519519,100410519519,100410100100,100410100100,100410518518,100410518518,100410511511,100410511511,100410516516,100410516516,100410513513,100410513513,100410517517,
8,100410517517,100410515515,100410515515,100410519519,100410519519,100410512512,100410512512,100410100100,100410100100,100410518518,100410518518,100410516516,100410516516,100410513513,100410513513,100410517517,
8,100410100100,100410518518,100410518518,100410511511,100410511511,100410516516,100410516516,100410513513,100410513513,100410515515,100410515515,100410519519,100410519519,100410512512,100410512512,100410100100,
9,100410517517,100410515515,100410515515,100410519519,100410519519,100410512512,100410512512,100410100100,100410100100,100410518518,100410518518,100410511511,100410511511,100410516516,100410516516,100410513513,100410513513,100410517517,
3,100420117117,100420116116,100420116116,100420112112,100420112112,100420117117,
3,100420111111,100420113113,100420113113,100420112112,100420112112,100420111111,
3,100420113113,100420112112,100420112112,100420114114,100420114114,100420113113,
4,100420111111,100420113113,100420113113,100420114114,100420114114,100420112112,100420112112,100420111111,
3,100430116116,100430115115,100430115115,100430112112,100430112112,100430116116,
3,100430116116,100430115115,100430115115,100430114114,100430114114,100430116116,
3,100430116116,100430112112,100430112112,100430113113,100430113113,100430116116,
4,100430116116,100430115115,100430115115,100430112112,100430112112,100430113113,100430113113,100430116116,
4,100430116116,100430112112,100430112112,100430115115,100430115115,100430114114,100430114114,100430116116,
5,100430116116,100430114114,100430114114,100430115115,100430115115,100430112112,100430112112,100430113113,100430113113,100430116116,
3,100440115115,100440111111,100440111111,100440116116,100440116116,100440115115,
3,100440115115,100440111111,100440111111,100440121121,100440121121,100440115115,
3,100440115115,100440118118,100440118118,100440122122,100440122122,100440115115,
3,100440115115,100440118118,100440118118,100440123123,100440123123,100440115115,
3,100440115115,100440118118,100440118118,100440116116,100440116116,100440115115,
3,100440115115,100440120120,100440120120,100440122122,100440122122,100440115115,
3,100440115115,100440120120,100440120120,100440119119,100440119119,100440115115,
3,100440115115,100440122122,100440122122,100440123123,100440123123,100440115115,
3,100440115115,100440119119,100440119119,100440121121,100440121121,100440115115,
3,100440111111,100440113113,100440113113,100440116116,100440116116,100440111111,
3,100440111111,100440121121,100440121121,100440114114,100440114114,100440111111,
3,100440112112,100440113113,100440113113,100440116116,100440116116,100440112112,
3,100440112112,100440113113,100440113113,100440117117,100440117117,100440112112,
3,100440118118,100440122122,100440122122,100440123123,100440123123,100440118118,
4,100440115115,100440111111,100440111111,100440113113,100440113113,100440116116,100440116116,100440115115,
4,100440115115,100440111111,100440111111,100440116116,100440116116,100440118118,100440118118,100440115115,
4,100440115115,100440111111,100440111111,100440121121,100440121121,100440119119,100440119119,100440115115,
4,100440115115,100440111111,100440111111,100440114114,100440114114,100440121121,100440121121,100440115115,
4,100440115115,100440118118,100440118118,100440122122,100440122122,100440120120,100440120120,100440115115,
4,100440115115,100440118118,100440118118,100440122122,100440122122,100440123123,100440123123,100440115115,
4,100440115115,100440120120,100440120120,100440122122,100440122122,100440123123,100440123123,100440115115,
4,100440115115,100440120120,100440120120,100440119119,100440119119,100440121121,100440121121,100440115115,
4,100440115115,100440122122,100440122122,100440118118,100440118118,100440116116,100440116116,100440115115,
4,100440115115,100440122122,100440122122,100440120120,100440120120,100440119119,100440119119,100440115115,
4,100440115115,100440123123,100440123123,100440118118,100440118118,100440116116,100440116116,100440115115,
4,100440115115,100440116116,100440116116,100440111111,100440111111,100440121121,100440121121,100440115115,
4,100440111111,100440113113,100440113113,100440112112,100440112112,100440116116,100440116116,100440111111,
4,100440112112,100440116116,100440116116,100440113113,100440113113,100440117117,100440117117,100440112112,
5,100440115115,100440111111,100440111111,100440113113,100440113113,100440112112,100440112112,100440116116,100440116116,100440115115,
5,100440115115,100440111111,100440111111,100440113113,100440113113,100440116116,100440116116,100440118118,100440118118,100440115115,
5,100440115115,100440111111,100440111111,100440116116,100440116116,100440118118,100440118118,100440122122,100440122122,100440115115,
5,100440115115,100440111111,100440111111,100440116116,100440116116,100440118118,100440118118,100440123123,100440123123,100440115115,
5,100440115115,100440111111,100440111111,100440121121,100440121121,100440119119,100440119119,100440120120,100440120120,100440115115,
5,100440115115,100440111111,100440111111,100440114114,100440114114,100440121121,100440121121,100440119119,100440119119,100440115115,
5,100440115115,100440118118,100440118118,100440122122,100440122122,100440120120,100440120120,100440119119,100440119119,100440115115,
5,100440115115,100440118118,100440118118,100440123123,100440123123,100440122122,100440122122,100440120120,100440120120,100440115115,
5,100440115115,100440118118,100440118118,100440116116,100440116116,100440111111,100440111111,100440121121,100440121121,100440115115,
5,100440115115,100440120120,100440120120,100440122122,100440122122,100440118118,100440118118,100440116116,100440116116,100440115115,
5,100440115115,100440122122,100440122122,100440120120,100440120120,100440119119,100440119119,100440121121,100440121121,100440115115,
5,100440115115,100440122122,100440122122,100440123123,100440123123,100440118118,100440118118,100440116116,100440116116,100440115115,
5,100440115115,100440123123,100440123123,100440122122,100440122122,100440120120,100440120120,100440119119,100440119119,100440115115,
5,100440115115,100440119119,100440119119,100440121121,100440121121,100440111111,100440111111,100440116116,100440116116,100440115115,
5,100440115115,100440116116,100440116116,100440111111,100440111111,100440114114,100440114114,100440121121,100440121121,100440115115,
5,100440115115,100440116116,100440116116,100440113113,100440113113,100440111111,100440111111,100440121121,100440121121,100440115115,
5,100440111111,100440113113,100440113113,100440117117,100440117117,100440112112,100440112112,100440116116,100440116116,100440111111,
6,100440115115,100440111111,100440111111,100440113113,100440113113,100440112112,100440112112,100440116116,100440116116,100440118118,100440118118,100440115115,
6,100440115115,100440111111,100440111111,100440113113,100440113113,100440116116,100440116116,100440118118,100440118118,100440122122,100440122122,100440115115,
6,100440115115,100440111111,100440111111,100440113113,100440113113,100440116116,100440116116,100440118118,100440118118,100440123123,100440123123,100440115115,
6,100440115115,100440111111,100440111111,100440113113,100440113113,100440117117,100440117117,100440112112,100440112112,100440116116,100440116116,100440115115,
6,100440115115,100440111111,100440111111,100440116116,100440116116,100440118118,100440118118,100440122122,100440122122,100440120120,100440120120,100440115115,
6,100440115115,100440111111,100440111111,100440116116,100440116116,100440118118,100440118118,100440122122,100440122122,100440123123,100440123123,100440115115,
6,100440115115,100440111111,100440111111,100440121121,100440121121,100440119119,100440119119,100440120120,100440120120,100440122122,100440122122,100440115115,
6,100440115115,100440111111,100440111111,100440114114,100440114114,100440121121,100440121121,100440119119,100440119119,100440120120,100440120120,100440115115,
6,100440115115,100440118118,100440118118,100440122122,100440122122,100440120120,100440120120,100440119119,100440119119,100440121121,100440121121,100440115115,
6,100440115115,100440118118,100440118118,100440123123,100440123123,100440122122,100440122122,100440120120,100440120120,100440119119,100440119119,100440115115,
6,100440115115,100440118118,100440118118,100440116116,100440116116,100440111111,100440111111,100440121121,100440121121,100440119119,100440119119,100440115115,
6,100440115115,100440118118,100440118118,100440116116,100440116116,100440111111,100440111111,100440114114,100440114114,100440121121,100440121121,100440115115,
6,100440115115,100440118118,100440118118,100440116116,100440116116,100440113113,100440113113,100440111111,100440111111,100440121121,100440121121,100440115115,
6,100440115115,100440120120,100440120120,100440122122,100440122122,100440123123,100440123123,100440118118,100440118118,100440116116,100440116116,100440115115,
6,100440115115,100440120120,100440120120,100440119119,100440119119,100440121121,100440121121,100440111111,100440111111,100440116116,100440116116,100440115115,
6,100440115115,100440122122,100440122122,100440118118,100440118118,100440116116,100440116116,100440111111,100440111111,100440121121,100440121121,100440115115,
6,100440115115,100440123123,100440123123,100440118118,100440118118,100440116116,100440116116,100440111111,100440111111,100440121121,100440121121,100440115115,
6,100440115115,100440123123,100440123123,100440122122,100440122122,100440120120,100440120120,100440119119,100440119119,100440121121,100440121121,100440115115,
6,100440115115,100440119119,100440119119,100440120120,100440120120,100440122122,100440122122,100440118118,100440118118,100440116116,100440116116,100440115115,
6,100440115115,100440119119,100440119119,100440121121,100440121121,100440111111,100440111111,100440113113,100440113113,100440116116,100440116116,100440115115,
6,100440115115,100440119119,100440119119,100440121121,100440121121,100440114114,100440114114,100440111111,100440111111,100440116116,100440116116,100440115115,
6,100440115115,100440116116,100440116116,100440112112,100440112112,100440113113,100440113113,100440111111,100440111111,100440121121,100440121121,100440115115,
6,100440115115,100440116116,100440116116,100440113113,100440113113,100440111111,100440111111,100440114114,100440114114,100440121121,100440121121,100440115115,
7,100440115115,100440111111,100440111111,100440113113,100440113113,100440112112,100440112112,100440116116,100440116116,100440118118,100440118118,100440122122,100440122122,100440115115,
7,100440115115,100440111111,100440111111,100440113113,100440113113,100440112112,100440112112,100440116116,100440116116,100440118118,100440118118,100440123123,100440123123,100440115115,
7,100440115115,100440111111,100440111111,100440113113,100440113113,100440116116,100440116116,100440118118,100440118118,100440122122,100440122122,100440120120,100440120120,100440115115,
7,100440115115,100440111111,100440111111,100440113113,100440113113,100440116116,100440116116,100440118118,100440118118,100440122122,100440122122,100440123123,100440123123,100440115115,
7,100440115115,100440111111,100440111111,100440113113,100440113113,100440117117,100440117117,100440112112,100440112112,100440116116,100440116116,100440118118,100440118118,100440115115,
7,100440115115,100440111111,100440111111,100440116116,100440116116,100440118118,100440118118,100440122122,100440122122,100440120120,100440120120,100440119119,100440119119,100440115115,
7,100440115115,100440111111,100440111111,100440116116,100440116116,100440118118,100440118118,100440123123,100440123123,100440122122,100440122122,100440120120,100440120120,100440115115,
7,100440115115,100440111111,100440111111,100440121121,100440121121,100440119119,100440119119,100440120120,100440120120,100440122122,100440122122,100440118118,100440118118,100440115115,
7,100440115115,100440111111,100440111111,100440121121,100440121121,100440119119,100440119119,100440120120,100440120120,100440122122,100440122122,100440123123,100440123123,100440115115,
7,100440115115,100440111111,100440111111,100440114114,100440114114,100440121121,100440121121,100440119119,100440119119,100440120120,100440120120,100440122122,100440122122,100440115115,
7,100440115115,100440118118,100440118118,100440123123,100440123123,100440122122,100440122122,100440120120,100440120120,100440119119,100440119119,100440121121,100440121121,100440115115,
7,100440115115,100440118118,100440118118,100440116116,100440116116,100440111111,100440111111,100440121121,100440121121,100440119119,100440119119,100440120120,100440120120,100440115115,
7,100440115115,100440118118,100440118118,100440116116,100440116116,100440111111,100440111111,100440114114,100440114114,100440121121,100440121121,100440119119,100440119119,100440115115,
7,100440115115,100440118118,100440118118,100440116116,100440116116,100440112112,100440112112,100440113113,100440113113,100440111111,100440111111,100440121121,100440121121,100440115115,
7,100440115115,100440118118,100440118118,100440116116,100440116116,100440113113,100440113113,100440111111,100440111111,100440121121,100440121121,100440119119,100440119119,100440115115,
7,100440115115,100440118118,100440118118,100440116116,100440116116,100440113113,100440113113,100440111111,100440111111,100440114114,100440114114,100440121121,100440121121,100440115115,
7,100440115115,100440120120,100440120120,100440122122,100440122122,100440118118,100440118118,100440116116,100440116116,100440111111,100440111111,100440121121,100440121121,100440115115,
7,100440115115,100440120120,100440120120,100440119119,100440119119,100440121121,100440121121,100440111111,100440111111,100440113113,100440113113,100440116116,100440116116,100440115115,
7,100440115115,100440120120,100440120120,100440119119,100440119119,100440121121,100440121121,100440114114,100440114114,100440111111,100440111111,100440116116,100440116116,100440115115,
7,100440115115,100440122122,100440122122,100440118118,100440118118,100440116116,100440116116,100440111111,100440111111,100440121121,100440121121,100440119119,100440119119,100440115115,
7,100440115115,100440122122,100440122122,100440118118,100440118118,100440116116,100440116116,100440111111,100440111111,100440114114,100440114114,100440121121,100440121121,100440115115,
7,100440115115,100440122122,100440122122,100440118118,100440118118,100440116116,100440116116,100440113113,100440113113,100440111111,100440111111,100440121121,100440121121,100440115115,
7,100440115115,100440122122,100440122122,100440120120,100440120120,100440119119,100440119119,100440121121,100440121121,100440111111,100440111111,100440116116,100440116116,100440115115,
7,100440115115,100440122122,100440122122,100440123123,100440123123,100440118118,100440118118,100440116116,100440116116,100440111111,100440111111,100440121121,100440121121,100440115115,
7,100440115115,100440123123,100440123123,100440118118,100440118118,100440116116,100440116116,100440111111,100440111111,100440121121,100440121121,100440119119,100440119119,100440115115,
7,100440115115,100440123123,100440123123,100440118118,100440118118,100440116116,100440116116,100440111111,100440111111,100440114114,100440114114,100440121121,100440121121,100440115115,
7,100440115115,100440123123,100440123123,100440118118,100440118118,100440116116,100440116116,100440113113,100440113113,100440111111,100440111111,100440121121,100440121121,100440115115,
7,100440115115,100440119119,100440119119,100440120120,100440120120,100440122122,100440122122,100440123123,100440123123,100440118118,100440118118,100440116116,100440116116,100440115115,
7,100440115115,100440119119,100440119119,100440121121,100440121121,100440111111,100440111111,100440113113,100440113113,100440112112,100440112112,100440116116,100440116116,100440115115,
7,100440115115,100440119119,100440119119,100440121121,100440121121,100440114114,100440114114,100440111111,100440111111,100440113113,100440113113,100440116116,100440116116,100440115115,
7,100440115115,100440116116,100440116116,100440112112,100440112112,100440113113,100440113113,100440111111,100440111111,100440114114,100440114114,100440121121,100440121121,100440115115,
7,100440115115,100440116116,100440116116,100440112112,100440112112,100440117117,100440117117,100440113113,100440113113,100440111111,100440111111,100440121121,100440121121,100440115115,
7,100440115115,100440116116,100440116116,100440118118,100440118118,100440122122,100440122122,100440120120,100440120120,100440119119,100440119119,100440121121,100440121121,100440115115,
7,100440111111,100440116116,100440116116,100440118118,100440118118,100440122122,100440122122,100440120120,100440120120,100440119119,100440119119,100440121121,100440121121,100440111111,
8,100440115115,100440111111,100440111111,100440113113,100440113113,100440112112,100440112112,100440116116,100440116116,100440118118,100440118118,100440122122,100440122122,100440120120,100440120120,100440115115,
8,100440115115,100440111111,100440111111,100440113113,100440113113,100440112112,100440112112,100440116116,100440116116,100440118118,100440118118,100440122122,100440122122,100440123123,100440123123,100440115115,
8,100440115115,100440111111,100440111111,100440113113,100440113113,100440116116,100440116116,100440118118,100440118118,100440122122,100440122122,100440120120,100440120120,100440119119,100440119119,100440115115,
8,100440115115,100440111111,100440111111,100440113113,100440113113,100440116116,100440116116,100440118118,100440118118,100440123123,100440123123,100440122122,100440122122,100440120120,100440120120,100440115115,
8,100440115115,100440111111,100440111111,100440113113,100440113113,100440117117,100440117117,100440112112,100440112112,100440116116,100440116116,100440118118,100440118118,100440122122,100440122122,100440115115,
8,100440115115,100440111111,100440111111,100440113113,100440113113,100440117117,100440117117,100440112112,100440112112,100440116116,100440116116,100440118118,100440118118,100440123123,100440123123,100440115115,
8,100440115115,100440111111,100440111111,100440116116,100440116116,100440118118,100440118118,100440122122,100440122122,100440120120,100440120120,100440119119,100440119119,100440121121,100440121121,100440115115,
8,100440115115,100440111111,100440111111,100440116116,100440116116,100440118118,100440118118,100440123123,100440123123,100440122122,100440122122,100440120120,100440120120,100440119119,100440119119,100440115115,
8,100440115115,100440111111,100440111111,100440121121,100440121121,100440119119,100440119119,100440120120,100440120120,100440122122,100440122122,100440118118,100440118118,100440123123,100440123123,100440115115,
8,100440115115,100440111111,100440111111,100440114114,100440114114,100440121121,100440121121,100440119119,100440119119,100440120120,100440120120,100440122122,100440122122,100440118118,100440118118,100440115115,
8,100440115115,100440111111,100440111111,100440114114,100440114114,100440121121,100440121121,100440119119,100440119119,100440120120,100440120120,100440122122,100440122122,100440123123,100440123123,100440115115,
8,100440115115,100440118118,100440118118,100440116116,100440116116,100440111111,100440111111,100440114114,100440114114,100440121121,100440121121,100440119119,100440119119,100440120120,100440120120,100440115115,
8,100440115115,100440118118,100440118118,100440116116,100440116116,100440112112,100440112112,100440113113,100440113113,100440111111,100440111111,100440121121,100440121121,100440119119,100440119119,100440115115,
8,100440115115,100440118118,100440118118,100440116116,100440116116,100440112112,100440112112,100440113113,100440113113,100440111111,100440111111,100440114114,100440114114,100440121121,100440121121,100440115115,
8,100440115115,100440118118,100440118118,100440116116,100440116116,100440112112,100440112112,100440117117,100440117117,100440113113,100440113113,100440111111,100440111111,100440121121,100440121121,100440115115,
8,100440115115,100440118118,100440118118,100440116116,100440116116,100440113113,100440113113,100440111111,100440111111,100440121121,100440121121,100440119119,100440119119,100440120120,100440120120,100440115115,
8,100440115115,100440118118,100440118118,100440116116,100440116116,100440113113,100440113113,100440111111,100440111111,100440114114,100440114114,100440121121,100440121121,100440119119,100440119119,100440115115,
8,100440115115,100440120120,100440120120,100440122122,100440122122,100440118118,100440118118,100440116116,100440116116,100440111111,100440111111,100440114114,100440114114,100440121121,100440121121,100440115115,
8,100440115115,100440120120,100440120120,100440122122,100440122122,100440118118,100440118118,100440116116,100440116116,100440113113,100440113113,100440111111,100440111111,100440121121,100440121121,100440115115,
8,100440115115,100440120120,100440120120,100440122122,100440122122,100440123123,100440123123,100440118118,100440118118,100440116116,100440116116,100440111111,100440111111,100440121121,100440121121,100440115115,
8,100440115115,100440120120,100440120120,100440119119,100440119119,100440121121,100440121121,100440111111,100440111111,100440113113,100440113113,100440112112,100440112112,100440116116,100440116116,100440115115,
8,100440115115,100440120120,100440120120,100440119119,100440119119,100440121121,100440121121,100440111111,100440111111,100440116116,100440116116,100440118118,100440118118,100440123123,100440123123,100440115115,
8,100440115115,100440120120,100440120120,100440119119,100440119119,100440121121,100440121121,100440114114,100440114114,100440111111,100440111111,100440113113,100440113113,100440116116,100440116116,100440115115,
8,100440115115,100440122122,100440122122,100440118118,100440118118,100440116116,100440116116,100440111111,100440111111,100440114114,100440114114,100440121121,100440121121,100440119119,100440119119,100440115115,
8,100440115115,100440122122,100440122122,100440118118,100440118118,100440116116,100440116116,100440112112,100440112112,100440113113,100440113113,100440111111,100440111111,100440121121,100440121121,100440115115,
8,100440115115,100440122122,100440122122,100440118118,100440118118,100440116116,100440116116,100440113113,100440113113,100440111111,100440111111,100440121121,100440121121,100440119119,100440119119,100440115115,
8,100440115115,100440122122,100440122122,100440118118,100440118118,100440116116,100440116116,100440113113,100440113113,100440111111,100440111111,100440114114,100440114114,100440121121,100440121121,100440115115,
8,100440115115,100440122122,100440122122,100440120120,100440120120,100440119119,100440119119,100440121121,100440121121,100440111111,100440111111,100440113113,100440113113,100440116116,100440116116,100440115115,
8,100440115115,100440122122,100440122122,100440120120,100440120120,100440119119,100440119119,100440121121,100440121121,100440114114,100440114114,100440111111,100440111111,100440116116,100440116116,100440115115,
8,100440115115,100440122122,100440122122,100440123123,100440123123,100440118118,100440118118,100440116116,100440116116,100440111111,100440111111,100440121121,100440121121,100440119119,100440119119,100440115115,
8,100440115115,100440122122,100440122122,100440123123,100440123123,100440118118,100440118118,100440116116,100440116116,100440111111,100440111111,100440114114,100440114114,100440121121,100440121121,100440115115,
8,100440115115,100440122122,100440122122,100440123123,100440123123,100440118118,100440118118,100440116116,100440116116,100440113113,100440113113,100440111111,100440111111,100440121121,100440121121,100440115115,
8,100440115115,100440123123,100440123123,100440118118,100440118118,100440116116,100440116116,100440111111,100440111111,100440114114,100440114114,100440121121,100440121121,100440119119,100440119119,100440115115,
8,100440115115,100440123123,100440123123,100440118118,100440118118,100440116116,100440116116,100440112112,100440112112,100440113113,100440113113,100440111111,100440111111,100440121121,100440121121,100440115115,
8,100440115115,100440123123,100440123123,100440118118,100440118118,100440116116,100440116116,100440113113,100440113113,100440111111,100440111111,100440121121,100440121121,100440119119,100440119119,100440115115,
8,100440115115,100440123123,100440123123,100440118118,100440118118,100440116116,100440116116,100440113113,100440113113,100440111111,100440111111,100440114114,100440114114,100440121121,100440121121,100440115115,
8,100440115115,100440123123,100440123123,100440122122,100440122122,100440120120,100440120120,100440119119,100440119119,100440121121,100440121121,100440111111,100440111111,100440116116,100440116116,100440115115,
8,100440115115,100440119119,100440119119,100440121121,100440121121,100440111111,100440111111,100440113113,100440113113,100440117117,100440117117,100440112112,100440112112,100440116116,100440116116,100440115115,
8,100440115115,100440119119,100440119119,100440121121,100440121121,100440114114,100440114114,100440111111,100440111111,100440113113,100440113113,100440112112,100440112112,100440116116,100440116116,100440115115,
8,100440115115,100440116116,100440116116,100440112112,100440112112,100440117117,100440117117,100440113113,100440113113,100440111111,100440111111,100440114114,100440114114,100440121121,100440121121,100440115115,
8,100440115115,100440116116,100440116116,100440118118,100440118118,100440123123,100440123123,100440122122,100440122122,100440120120,100440120120,100440119119,100440119119,100440121121,100440121121,100440115115,
8,100440111111,100440113113,100440113113,100440116116,100440116116,100440118118,100440118118,100440122122,100440122122,100440120120,100440120120,100440119119,100440119119,100440121121,100440121121,100440111111,
8,100440111111,100440116116,100440116116,100440118118,100440118118,100440122122,100440122122,100440120120,100440120120,100440119119,100440119119,100440121121,100440121121,100440114114,100440114114,100440111111,
8,100440111111,100440116116,100440116116,100440118118,100440118118,100440123123,100440123123,100440122122,100440122122,100440120120,100440120120,100440119119,100440119119,100440121121,100440121121,100440111111,
9,100440115115,100440111111,100440111111,100440113113,100440113113,100440112112,100440112112,100440116116,100440116116,100440118118,100440118118,100440122122,100440122122,100440120120,100440120120,100440119119,100440119119,100440115115,
9,100440115115,100440111111,100440111111,100440113113,100440113113,100440112112,100440112112,100440116116,100440116116,100440118118,100440118118,100440123123,100440123123,100440122122,100440122122,100440120120,100440120120,100440115115,
9,100440115115,100440111111,100440111111,100440113113,100440113113,100440116116,100440116116,100440118118,100440118118,100440122122,100440122122,100440120120,100440120120,100440119119,100440119119,100440121121,100440121121,100440115115,
9,100440115115,100440111111,100440111111,100440113113,100440113113,100440116116,100440116116,100440118118,100440118118,100440123123,100440123123,100440122122,100440122122,100440120120,100440120120,100440119119,100440119119,100440115115,
9,100440115115,100440111111,100440111111,100440113113,100440113113,100440117117,100440117117,100440112112,100440112112,100440116116,100440116116,100440118118,100440118118,100440122122,100440122122,100440120120,100440120120,100440115115,
9,100440115115,100440111111,100440111111,100440113113,100440113113,100440117117,100440117117,100440112112,100440112112,100440116116,100440116116,100440118118,100440118118,100440122122,100440122122,100440123123,100440123123,100440115115,
9,100440115115,100440111111,100440111111,100440116116,100440116116,100440118118,100440118118,100440123123,100440123123,100440122122,100440122122,100440120120,100440120120,100440119119,100440119119,100440121121,100440121121,100440115115,
9,100440115115,100440111111,100440111111,100440114114,100440114114,100440121121,100440121121,100440119119,100440119119,100440120120,100440120120,100440122122,100440122122,100440118118,100440118118,100440123123,100440123123,100440115115,
9,100440115115,100440111111,100440111111,100440114114,100440114114,100440121121,100440121121,100440119119,100440119119,100440120120,100440120120,100440122122,100440122122,100440118118,100440118118,100440116116,100440116116,100440115115,
9,100440115115,100440118118,100440118118,100440116116,100440116116,100440112112,100440112112,100440113113,100440113113,100440111111,100440111111,100440121121,100440121121,100440119119,100440119119,100440120120,100440120120,100440115115,
9,100440115115,100440118118,100440118118,100440116116,100440116116,100440112112,100440112112,100440113113,100440113113,100440111111,100440111111,100440114114,100440114114,100440121121,100440121121,100440119119,100440119119,100440115115,
9,100440115115,100440118118,100440118118,100440116116,100440116116,100440112112,100440112112,100440117117,100440117117,100440113113,100440113113,100440111111,100440111111,100440121121,100440121121,100440119119,100440119119,100440115115,
9,100440115115,100440118118,100440118118,100440116116,100440116116,100440112112,100440112112,100440117117,100440117117,100440113113,100440113113,100440111111,100440111111,100440114114,100440114114,100440121121,100440121121,100440115115,
9,100440115115,100440118118,100440118118,100440116116,100440116116,100440113113,100440113113,100440111111,100440111111,100440114114,100440114114,100440121121,100440121121,100440119119,100440119119,100440120120,100440120120,100440115115,
9,100440115115,100440120120,100440120120,100440122122,100440122122,100440118118,100440118118,100440116116,100440116116,100440112112,100440112112,100440113113,100440113113,100440111111,100440111111,100440121121,100440121121,100440115115,
9,100440115115,100440120120,100440120120,100440122122,100440122122,100440118118,100440118118,100440116116,100440116116,100440113113,100440113113,100440111111,100440111111,100440114114,100440114114,100440121121,100440121121,100440115115,
9,100440115115,100440120120,100440120120,100440122122,100440122122,100440123123,100440123123,100440118118,100440118118,100440116116,100440116116,100440111111,100440111111,100440114114,100440114114,100440121121,100440121121,100440115115,
9,100440115115,100440120120,100440120120,100440122122,100440122122,100440123123,100440123123,100440118118,100440118118,100440116116,100440116116,100440113113,100440113113,100440111111,100440111111,100440121121,100440121121,100440115115,
9,100440115115,100440120120,100440120120,100440119119,100440119119,100440121121,100440121121,100440111111,100440111111,100440113113,100440113113,100440116116,100440116116,100440118118,100440118118,100440123123,100440123123,100440115115,
9,100440115115,100440120120,100440120120,100440119119,100440119119,100440121121,100440121121,100440111111,100440111111,100440113113,100440113113,100440117117,100440117117,100440112112,100440112112,100440116116,100440116116,100440115115,
9,100440115115,100440120120,100440120120,100440119119,100440119119,100440121121,100440121121,100440114114,100440114114,100440111111,100440111111,100440113113,100440113113,100440112112,100440112112,100440116116,100440116116,100440115115,
9,100440115115,100440120120,100440120120,100440119119,100440119119,100440121121,100440121121,100440114114,100440114114,100440111111,100440111111,100440116116,100440116116,100440118118,100440118118,100440123123,100440123123,100440115115,
9,100440115115,100440122122,100440122122,100440118118,100440118118,100440116116,100440116116,100440112112,100440112112,100440113113,100440113113,100440111111,100440111111,100440121121,100440121121,100440119119,100440119119,100440115115,
9,100440115115,100440122122,100440122122,100440118118,100440118118,100440116116,100440116116,100440112112,100440112112,100440113113,100440113113,100440111111,100440111111,100440114114,100440114114,100440121121,100440121121,100440115115,
9,100440115115,100440122122,100440122122,100440118118,100440118118,100440116116,100440116116,100440112112,100440112112,100440117117,100440117117,100440113113,100440113113,100440111111,100440111111,100440121121,100440121121,100440115115,
9,100440115115,100440122122,100440122122,100440118118,100440118118,100440116116,100440116116,100440113113,100440113113,100440111111,100440111111,100440114114,100440114114,100440121121,100440121121,100440119119,100440119119,100440115115,
9,100440115115,100440122122,100440122122,100440120120,100440120120,100440119119,100440119119,100440121121,100440121121,100440111111,100440111111,100440113113,100440113113,100440112112,100440112112,100440116116,100440116116,100440115115,
9,100440115115,100440122122,100440122122,100440120120,100440120120,100440119119,100440119119,100440121121,100440121121,100440114114,100440114114,100440111111,100440111111,100440113113,100440113113,100440116116,100440116116,100440115115,
9,100440115115,100440122122,100440122122,100440123123,100440123123,100440118118,100440118118,100440116116,100440116116,100440111111,100440111111,100440114114,100440114114,100440121121,100440121121,100440119119,100440119119,100440115115,
9,100440115115,100440122122,100440122122,100440123123,100440123123,100440118118,100440118118,100440116116,100440116116,100440112112,100440112112,100440113113,100440113113,100440111111,100440111111,100440121121,100440121121,100440115115,
9,100440115115,100440122122,100440122122,100440123123,100440123123,100440118118,100440118118,100440116116,100440116116,100440113113,100440113113,100440111111,100440111111,100440121121,100440121121,100440119119,100440119119,100440115115,
9,100440115115,100440122122,100440122122,100440123123,100440123123,100440118118,100440118118,100440116116,100440116116,100440113113,100440113113,100440111111,100440111111,100440114114,100440114114,100440121121,100440121121,100440115115,
9,100440115115,100440123123,100440123123,100440118118,100440118118,100440116116,100440116116,100440112112,100440112112,100440113113,100440113113,100440111111,100440111111,100440121121,100440121121,100440119119,100440119119,100440115115,
9,100440115115,100440123123,100440123123,100440118118,100440118118,100440116116,100440116116,100440112112,100440112112,100440113113,100440113113,100440111111,100440111111,100440114114,100440114114,100440121121,100440121121,100440115115,
9,100440115115,100440123123,100440123123,100440118118,100440118118,100440116116,100440116116,100440112112,100440112112,100440117117,100440117117,100440113113,100440113113,100440111111,100440111111,100440121121,100440121121,100440115115,
9,100440115115,100440123123,100440123123,100440118118,100440118118,100440116116,100440116116,100440113113,100440113113,100440111111,100440111111,100440114114,100440114114,100440121121,100440121121,100440119119,100440119119,100440115115,
9,100440115115,100440123123,100440123123,100440122122,100440122122,100440120120,100440120120,100440119119,100440119119,100440121121,100440121121,100440111111,100440111111,100440113113,100440113113,100440116116,100440116116,100440115115,
9,100440115115,100440123123,100440123123,100440122122,100440122122,100440120120,100440120120,100440119119,100440119119,100440121121,100440121121,100440114114,100440114114,100440111111,100440111111,100440116116,100440116116,100440115115,
9,100440115115,100440119119,100440119119,100440121121,100440121121,100440114114,100440114114,100440111111,100440111111,100440113113,100440113113,100440117117,100440117117,100440112112,100440112112,100440116116,100440116116,100440115115,
9,100440111111,100440113113,100440113113,100440112112,100440112112,100440116116,100440116116,100440118118,100440118118,100440122122,100440122122,100440120120,100440120120,100440119119,100440119119,100440121121,100440121121,100440111111,
9,100440111111,100440113113,100440113113,100440116116,100440116116,100440118118,100440118118,100440122122,100440122122,100440120120,100440120120,100440119119,100440119119,100440121121,100440121121,100440114114,100440114114,100440111111,
9,100440111111,100440113113,100440113113,100440116116,100440116116,100440118118,100440118118,100440123123,100440123123,100440122122,100440122122,100440120120,100440120120,100440119119,100440119119,100440121121,100440121121,100440111111,
9,100440111111,100440116116,100440116116,100440118118,100440118118,100440123123,100440123123,100440122122,100440122122,100440120120,100440120120,100440119119,100440119119,100440121121,100440121121,100440114114,100440114114,100440111111,
10,100440115115,100440111111,100440111111,100440113113,100440113113,100440112112,100440112112,100440116116,100440116116,100440118118,100440118118,100440122122,100440122122,100440120120,100440120120,100440119119,100440119119,100440121121,100440121121,100440115115,
10,100440115115,100440111111,100440111111,100440113113,100440113113,100440112112,100440112112,100440116116,100440116116,100440118118,100440118118,100440123123,100440123123,100440122122,100440122122,100440120120,100440120120,100440119119,100440119119,100440115115,
10,100440115115,100440111111,100440111111,100440113113,100440113113,100440116116,100440116116,100440118118,100440118118,100440123123,100440123123,100440122122,100440122122,100440120120,100440120120,100440119119,100440119119,100440121121,100440121121,100440115115,
10,100440115115,100440111111,100440111111,100440113113,100440113113,100440117117,100440117117,100440112112,100440112112,100440116116,100440116116,100440118118,100440118118,100440122122,100440122122,100440120120,100440120120,100440119119,100440119119,100440115115,
10,100440115115,100440111111,100440111111,100440113113,100440113113,100440117117,100440117117,100440112112,100440112112,100440116116,100440116116,100440118118,100440118118,100440123123,100440123123,100440122122,100440122122,100440120120,100440120120,100440115115,
10,100440115115,100440111111,100440111111,100440114114,100440114114,100440121121,100440121121,100440119119,100440119119,100440120120,100440120120,100440122122,100440122122,100440123123,100440123123,100440118118,100440118118,100440116116,100440116116,100440115115,
10,100440115115,100440118118,100440118118,100440122122,100440122122,100440120120,100440120120,100440119119,100440119119,100440121121,100440121121,100440114114,100440114114,100440111111,100440111111,100440113113,100440113113,100440116116,100440116116,100440115115,
10,100440115115,100440118118,100440118118,100440116116,100440116116,100440112112,100440112112,100440113113,100440113113,100440111111,100440111111,100440114114,100440114114,100440121121,100440121121,100440119119,100440119119,100440120120,100440120120,100440115115,
10,100440115115,100440118118,100440118118,100440116116,100440116116,100440112112,100440112112,100440117117,100440117117,100440113113,100440113113,100440111111,100440111111,100440121121,100440121121,100440119119,100440119119,100440120120,100440120120,100440115115,
10,100440115115,100440118118,100440118118,100440116116,100440116116,100440112112,100440112112,100440117117,100440117117,100440113113,100440113113,100440111111,100440111111,100440114114,100440114114,100440121121,100440121121,100440119119,100440119119,100440115115,
10,100440115115,100440120120,100440120120,100440122122,100440122122,100440118118,100440118118,100440116116,100440116116,100440112112,100440112112,100440113113,100440113113,100440111111,100440111111,100440114114,100440114114,100440121121,100440121121,100440115115,
10,100440115115,100440120120,100440120120,100440122122,100440122122,100440118118,100440118118,100440116116,100440116116,100440112112,100440112112,100440117117,100440117117,100440113113,100440113113,100440111111,100440111111,100440121121,100440121121,100440115115,
10,100440115115,100440120120,100440120120,100440122122,100440122122,100440123123,100440123123,100440118118,100440118118,100440116116,100440116116,100440112112,100440112112,100440113113,100440113113,100440111111,100440111111,100440121121,100440121121,100440115115,
10,100440115115,100440120120,100440120120,100440122122,100440122122,100440123123,100440123123,100440118118,100440118118,100440116116,100440116116,100440113113,100440113113,100440111111,100440111111,100440114114,100440114114,100440121121,100440121121,100440115115,
10,100440115115,100440120120,100440120120,100440119119,100440119119,100440121121,100440121121,100440111111,100440111111,100440113113,100440113113,100440112112,100440112112,100440116116,100440116116,100440118118,100440118118,100440123123,100440123123,100440115115,
10,100440115115,100440120120,100440120120,100440119119,100440119119,100440121121,100440121121,100440114114,100440114114,100440111111,100440111111,100440113113,100440113113,100440116116,100440116116,100440118118,100440118118,100440123123,100440123123,100440115115,
10,100440115115,100440120120,100440120120,100440119119,100440119119,100440121121,100440121121,100440114114,100440114114,100440111111,100440111111,100440113113,100440113113,100440117117,100440117117,100440112112,100440112112,100440116116,100440116116,100440115115,
10,100440115115,100440122122,100440122122,100440118118,100440118118,100440116116,100440116116,100440112112,100440112112,100440113113,100440113113,100440111111,100440111111,100440114114,100440114114,100440121121,100440121121,100440119119,100440119119,100440115115,
10,100440115115,100440122122,100440122122,100440118118,100440118118,100440116116,100440116116,100440112112,100440112112,100440117117,100440117117,100440113113,100440113113,100440111111,100440111111,100440121121,100440121121,100440119119,100440119119,100440115115,
10,100440115115,100440122122,100440122122,100440118118,100440118118,100440116116,100440116116,100440112112,100440112112,100440117117,100440117117,100440113113,100440113113,100440111111,100440111111,100440114114,100440114114,100440121121,100440121121,100440115115,
10,100440115115,100440122122,100440122122,100440120120,100440120120,100440119119,100440119119,100440121121,100440121121,100440111111,100440111111,100440113113,100440113113,100440117117,100440117117,100440112112,100440112112,100440116116,100440116116,100440115115,
10,100440115115,100440122122,100440122122,100440120120,100440120120,100440119119,100440119119,100440121121,100440121121,100440114114,100440114114,100440111111,100440111111,100440113113,100440113113,100440112112,100440112112,100440116116,100440116116,100440115115,
10,100440115115,100440122122,100440122122,100440123123,100440123123,100440118118,100440118118,100440116116,100440116116,100440112112,100440112112,100440113113,100440113113,100440111111,100440111111,100440121121,100440121121,100440119119,100440119119,100440115115,
10,100440115115,100440122122,100440122122,100440123123,100440123123,100440118118,100440118118,100440116116,100440116116,100440112112,100440112112,100440113113,100440113113,100440111111,100440111111,100440114114,100440114114,100440121121,100440121121,100440115115,
10,100440115115,100440122122,100440122122,100440123123,100440123123,100440118118,100440118118,100440116116,100440116116,100440112112,100440112112,100440117117,100440117117,100440113113,100440113113,100440111111,100440111111,100440121121,100440121121,100440115115,
10,100440115115,100440122122,100440122122,100440123123,100440123123,100440118118,100440118118,100440116116,100440116116,100440113113,100440113113,100440111111,100440111111,100440114114,100440114114,100440121121,100440121121,100440119119,100440119119,100440115115,
10,100440115115,100440123123,100440123123,100440118118,100440118118,100440116116,100440116116,100440112112,100440112112,100440113113,100440113113,100440111111,100440111111,100440114114,100440114114,100440121121,100440121121,100440119119,100440119119,100440115115,
10,100440115115,100440123123,100440123123,100440118118,100440118118,100440116116,100440116116,100440112112,100440112112,100440117117,100440117117,100440113113,100440113113,100440111111,100440111111,100440121121,100440121121,100440119119,100440119119,100440115115,
10,100440115115,100440123123,100440123123,100440118118,100440118118,100440116116,100440116116,100440112112,100440112112,100440117117,100440117117,100440113113,100440113113,100440111111,100440111111,100440114114,100440114114,100440121121,100440121121,100440115115,
10,100440115115,100440123123,100440123123,100440122122,100440122122,100440120120,100440120120,100440119119,100440119119,100440121121,100440121121,100440111111,100440111111,100440113113,100440113113,100440112112,100440112112,100440116116,100440116116,100440115115,
10,100440115115,100440123123,100440123123,100440122122,100440122122,100440120120,100440120120,100440119119,100440119119,100440121121,100440121121,100440114114,100440114114,100440111111,100440111111,100440113113,100440113113,100440116116,100440116116,100440115115,
10,100440111111,100440113113,100440113113,100440112112,100440112112,100440116116,100440116116,100440118118,100440118118,100440122122,100440122122,100440120120,100440120120,100440119119,100440119119,100440121121,100440121121,100440114114,100440114114,100440111111,
10,100440111111,100440113113,100440113113,100440112112,100440112112,100440116116,100440116116,100440118118,100440118118,100440123123,100440123123,100440122122,100440122122,100440120120,100440120120,100440119119,100440119119,100440121121,100440121121,100440111111,
10,100440111111,100440113113,100440113113,100440116116,100440116116,100440118118,100440118118,100440123123,100440123123,100440122122,100440122122,100440120120,100440120120,100440119119,100440119119,100440121121,100440121121,100440114114,100440114114,100440111111,
10,100440111111,100440113113,100440113113,100440117117,100440117117,100440112112,100440112112,100440116116,100440116116,100440118118,100440118118,100440122122,100440122122,100440120120,100440120120,100440119119,100440119119,100440121121,100440121121,100440111111,
11,100440115115,100440111111,100440111111,100440113113,100440113113,100440112112,100440112112,100440116116,100440116116,100440118118,100440118118,100440123123,100440123123,100440122122,100440122122,100440120120,100440120120,100440119119,100440119119,100440121121,100440121121,100440115115,
11,100440115115,100440111111,100440111111,100440113113,100440113113,100440117117,100440117117,100440112112,100440112112,100440116116,100440116116,100440118118,100440118118,100440122122,100440122122,100440120120,100440120120,100440119119,100440119119,100440121121,100440121121,100440115115,
11,100440115115,100440111111,100440111111,100440113113,100440113113,100440117117,100440117117,100440112112,100440112112,100440116116,100440116116,100440118118,100440118118,100440123123,100440123123,100440122122,100440122122,100440120120,100440120120,100440119119,100440119119,100440115115,
11,100440115115,100440118118,100440118118,100440122122,100440122122,100440120120,100440120120,100440119119,100440119119,100440121121,100440121121,100440114114,100440114114,100440111111,100440111111,100440113113,100440113113,100440112112,100440112112,100440116116,100440116116,100440115115,
11,100440115115,100440118118,100440118118,100440123123,100440123123,100440122122,100440122122,100440120120,100440120120,100440119119,100440119119,100440121121,100440121121,100440114114,100440114114,100440111111,100440111111,100440113113,100440113113,100440116116,100440116116,100440115115,
11,100440115115,100440118118,100440118118,100440116116,100440116116,100440112112,100440112112,100440117117,100440117117,100440113113,100440113113,100440111111,100440111111,100440114114,100440114114,100440121121,100440121121,100440119119,100440119119,100440120120,100440120120,100440115115,
11,100440115115,100440120120,100440120120,100440122122,100440122122,100440118118,100440118118,100440116116,100440116116,100440112112,100440112112,100440117117,100440117117,100440113113,100440113113,100440111111,100440111111,100440114114,100440114114,100440121121,100440121121,100440115115,
11,100440115115,100440120120,100440120120,100440122122,100440122122,100440123123,100440123123,100440118118,100440118118,100440116116,100440116116,100440112112,100440112112,100440113113,100440113113,100440111111,100440111111,100440114114,100440114114,100440121121,100440121121,100440115115,
11,100440115115,100440120120,100440120120,100440122122,100440122122,100440123123,100440123123,100440118118,100440118118,100440116116,100440116116,100440112112,100440112112,100440117117,100440117117,100440113113,100440113113,100440111111,100440111111,100440121121,100440121121,100440115115,
11,100440115115,100440120120,100440120120,100440119119,100440119119,100440121121,100440121121,100440111111,100440111111,100440113113,100440113113,100440117117,100440117117,100440112112,100440112112,100440116116,100440116116,100440118118,100440118118,100440123123,100440123123,100440115115,
11,100440115115,100440120120,100440120120,100440119119,100440119119,100440121121,100440121121,100440114114,100440114114,100440111111,100440111111,100440113113,100440113113,100440112112,100440112112,100440116116,100440116116,100440118118,100440118118,100440123123,100440123123,100440115115,
11,100440115115,100440122122,100440122122,100440118118,100440118118,100440116116,100440116116,100440112112,100440112112,100440117117,100440117117,100440113113,100440113113,100440111111,100440111111,100440114114,100440114114,100440121121,100440121121,100440119119,100440119119,100440115115,
11,100440115115,100440122122,100440122122,100440120120,100440120120,100440119119,100440119119,100440121121,100440121121,100440114114,100440114114,100440111111,100440111111,100440113113,100440113113,100440117117,100440117117,100440112112,100440112112,100440116116,100440116116,100440115115,
11,100440115115,100440122122,100440122122,100440123123,100440123123,100440118118,100440118118,100440116116,100440116116,100440112112,100440112112,100440113113,100440113113,100440111111,100440111111,100440114114,100440114114,100440121121,100440121121,100440119119,100440119119,100440115115,
11,100440115115,100440122122,100440122122,100440123123,100440123123,100440118118,100440118118,100440116116,100440116116,100440112112,100440112112,100440117117,100440117117,100440113113,100440113113,100440111111,100440111111,100440121121,100440121121,100440119119,100440119119,100440115115,
11,100440115115,100440122122,100440122122,100440123123,100440123123,100440118118,100440118118,100440116116,100440116116,100440112112,100440112112,100440117117,100440117117,100440113113,100440113113,100440111111,100440111111,100440114114,100440114114,100440121121,100440121121,100440115115,
11,100440115115,100440123123,100440123123,100440118118,100440118118,100440116116,100440116116,100440112112,100440112112,100440117117,100440117117,100440113113,100440113113,100440111111,100440111111,100440114114,100440114114,100440121121,100440121121,100440119119,100440119119,100440115115,
11,100440115115,100440123123,100440123123,100440122122,100440122122,100440120120,100440120120,100440119119,100440119119,100440121121,100440121121,100440111111,100440111111,100440113113,100440113113,100440117117,100440117117,100440112112,100440112112,100440116116,100440116116,100440115115,
11,100440115115,100440123123,100440123123,100440122122,100440122122,100440120120,100440120120,100440119119,100440119119,100440121121,100440121121,100440114114,100440114114,100440111111,100440111111,100440113113,100440113113,100440112112,100440112112,100440116116,100440116116,100440115115,
11,100440111111,100440113113,100440113113,100440112112,100440112112,100440116116,100440116116,100440118118,100440118118,100440123123,100440123123,100440122122,100440122122,100440120120,100440120120,100440119119,100440119119,100440121121,100440121121,100440114114,100440114114,100440111111,
11,100440111111,100440113113,100440113113,100440117117,100440117117,100440112112,100440112112,100440116116,100440116116,100440118118,100440118118,100440122122,100440122122,100440120120,100440120120,100440119119,100440119119,100440121121,100440121121,100440114114,100440114114,100440111111,
11,100440111111,100440113113,100440113113,100440117117,100440117117,100440112112,100440112112,100440116116,100440116116,100440118118,100440118118,100440123123,100440123123,100440122122,100440122122,100440120120,100440120120,100440119119,100440119119,100440121121,100440121121,100440111111,
12,100440115115,100440111111,100440111111,100440113113,100440113113,100440117117,100440117117,100440112112,100440112112,100440116116,100440116116,100440118118,100440118118,100440123123,100440123123,100440122122,100440122122,100440120120,100440120120,100440119119,100440119119,100440121121,100440121121,100440115115,
12,100440115115,100440118118,100440118118,100440122122,100440122122,100440120120,100440120120,100440119119,100440119119,100440121121,100440121121,100440114114,100440114114,100440111111,100440111111,100440113113,100440113113,100440117117,100440117117,100440112112,100440112112,100440116116,100440116116,100440115115,
12,100440115115,100440118118,100440118118,100440123123,100440123123,100440122122,100440122122,100440120120,100440120120,100440119119,100440119119,100440121121,100440121121,100440114114,100440114114,100440111111,100440111111,100440113113,100440113113,100440112112,100440112112,100440116116,100440116116,100440115115,
12,100440115115,100440120120,100440120120,100440122122,100440122122,100440123123,100440123123,100440118118,100440118118,100440116116,100440116116,100440112112,100440112112,100440117117,100440117117,100440113113,100440113113,100440111111,100440111111,100440114114,100440114114,100440121121,100440121121,100440115115,
12,100440115115,100440120120,100440120120,100440119119,100440119119,100440121121,100440121121,100440114114,100440114114,100440111111,100440111111,100440113113,100440113113,100440117117,100440117117,100440112112,100440112112,100440116116,100440116116,100440118118,100440118118,100440123123,100440123123,100440115115,
12,100440115115,100440122122,100440122122,100440123123,100440123123,100440118118,100440118118,100440116116,100440116116,100440112112,100440112112,100440117117,100440117117,100440113113,100440113113,100440111111,100440111111,100440114114,100440114114,100440121121,100440121121,100440119119,100440119119,100440115115,
12,100440115115,100440123123,100440123123,100440122122,100440122122,100440120120,100440120120,100440119119,100440119119,100440121121,100440121121,100440114114,100440114114,100440111111,100440111111,100440113113,100440113113,100440117117,100440117117,100440112112,100440112112,100440116116,100440116116,100440115115,
12,100440111111,100440113113,100440113113,100440117117,100440117117,100440112112,100440112112,100440116116,100440116116,100440118118,100440118118,100440123123,100440123123,100440122122,100440122122,100440120120,100440120120,100440119119,100440119119,100440121121,100440121121,100440114114,100440114114,100440111111,
13,100440115115,100440118118,100440118118,100440123123,100440123123,100440122122,100440122122,100440120120,100440120120,100440119119,100440119119,100440121121,100440121121,100440114114,100440114114,100440111111,100440111111,100440113113,100440113113,100440117117,100440117117,100440112112,100440112112,100440116116,100440116116,100440115115,
3,100450114114,100450112112,100450112112,100450115115,100450115115,100450114114,
3,100450114114,100450111111,100450111111,100450115115,100450115115,100450114114,
3,100450112112,100450117117,100450117117,100450116116,100450116116,100450112112,
3,100450112112,100450117117,100450117117,100450115115,100450115115,100450112112,
3,100450112112,100450113113,100450113113,100450116116,100450116116,100450112112,
4,100450114114,100450112112,100450112112,100450117117,100450117117,100450115115,100450115115,100450114114,
4,100450114114,100450112112,100450112112,100450115115,100450115115,100450111111,100450111111,100450114114,
4,100450112112,100450117117,100450117117,100450116116,100450116116,100450113113,100450113113,100450112112,
4,100450112112,100450116116,100450116116,100450117117,100450117117,100450115115,100450115115,100450112112,
5,100450114114,100450112112,100450112112,100450117117,100450117117,100450115115,100450115115,100450111111,100450111111,100450114114,
5,100450114114,100450112112,100450112112,100450116116,100450116116,100450117117,100450117117,100450115115,100450115115,100450114114,
5,100450112112,100450113113,100450113113,100450116116,100450116116,100450117117,100450117117,100450115115,100450115115,100450112112,
6,100450114114,100450112112,100450112112,100450113113,100450113113,100450116116,100450116116,100450117117,100450117117,100450115115,100450115115,100450114114,
6,100450114114,100450112112,100450112112,100450116116,100450116116,100450117117,100450117117,100450115115,100450115115,100450111111,100450111111,100450114114,
7,100450114114,100450112112,100450112112,100450113113,100450113113,100450116116,100450116116,100450117117,100450117117,100450115115,100450115115,100450111111,100450111111,100450114114,
3,100460116116,100460113113,100460113113,100460117117,100460117117,100460116116,
3,100460116116,100460113113,100460113113,100460114114,100460114114,100460116116,
3,100460116116,100460112112,100460112112,100460117117,100460117117,100460116116,
3,100460116116,100460112112,100460112112,100460118118,100460118118,100460116116,
3,100460116116,100460114114,100460114114,100460118118,100460118118,100460116116,
3,100460113113,100460117117,100460117117,100460111111,100460111111,100460113113,
3,100460113113,100460114114,100460114114,100460111111,100460111111,100460113113,
3,100460115115,100460114114,100460114114,100460118118,100460118118,100460115115,
4,100460116116,100460113113,100460113113,100460117117,100460117117,100460112112,100460112112,100460116116,
4,100460116116,100460113113,100460113113,100460114114,100460114114,100460118118,100460118118,100460116116,
4,100460116116,100460113113,100460113113,100460111111,100460111111,100460117117,100460117117,100460116116,
4,100460116116,100460113113,100460113113,100460111111,100460111111,100460114114,100460114114,100460116116,
4,100460116116,100460112112,100460112112,100460118118,100460118118,100460114114,100460114114,100460116116,
4,100460116116,100460117117,100460117117,100460113113,100460113113,100460114114,100460114114,100460116116,
4,100460116116,100460117117,100460117117,100460112112,100460112112,100460118118,100460118118,100460116116,
4,100460116116,100460117117,100460117117,100460111111,100460111111,100460114114,100460114114,100460116116,
4,100460116116,100460114114,100460114114,100460115115,100460115115,100460118118,100460118118,100460116116,
4,100460113113,100460117117,100460117117,100460111111,100460111111,100460114114,100460114114,100460113113,
5,100460116116,100460113113,100460113113,100460117117,100460117117,100460112112,100460112112,100460118118,100460118118,100460116116,
5,100460116116,100460113113,100460113113,100460117117,100460117117,100460111111,100460111111,100460114114,100460114114,100460116116,
5,100460116116,100460113113,100460113113,100460114114,100460114114,100460115115,100460115115,100460118118,100460118118,100460116116,
5,100460116116,100460113113,100460113113,100460114114,100460114114,100460118118,100460118118,100460112112,100460112112,100460116116,
5,100460116116,100460113113,100460113113,100460111111,100460111111,100460117117,100460117117,100460112112,100460112112,100460116116,
5,100460116116,100460113113,100460113113,100460111111,100460111111,100460114114,100460114114,100460118118,100460118118,100460116116,
5,100460116116,100460112112,100460112112,100460117117,100460117117,100460113113,100460113113,100460114114,100460114114,100460116116,
5,100460116116,100460112112,100460112112,100460117117,100460117117,100460111111,100460111111,100460114114,100460114114,100460116116,
5,100460116116,100460112112,100460112112,100460118118,100460118118,100460115115,100460115115,100460114114,100460114114,100460116116,
5,100460116116,100460117117,100460117117,100460113113,100460113113,100460114114,100460114114,100460118118,100460118118,100460116116,
5,100460116116,100460117117,100460117117,100460112112,100460112112,100460118118,100460118118,100460114114,100460114114,100460116116,
5,100460116116,100460117117,100460117117,100460111111,100460111111,100460114114,100460114114,100460118118,100460118118,100460116116,
5,100460113113,100460117117,100460117117,100460112112,100460112112,100460118118,100460118118,100460114114,100460114114,100460113113,
5,100460112112,100460117117,100460117117,100460111111,100460111111,100460114114,100460114114,100460118118,100460118118,100460112112,
6,100460116116,100460113113,100460113113,100460117117,100460117117,100460112112,100460112112,100460118118,100460118118,100460114114,100460114114,100460116116,
6,100460116116,100460113113,100460113113,100460117117,100460117117,100460111111,100460111111,100460114114,100460114114,100460118118,100460118118,100460116116,
6,100460116116,100460113113,100460113113,100460114114,100460114114,100460115115,100460115115,100460118118,100460118118,100460112112,100460112112,100460116116,
6,100460116116,100460113113,100460113113,100460114114,100460114114,100460111111,100460111111,100460117117,100460117117,100460112112,100460112112,100460116116,
6,100460116116,100460113113,100460113113,100460111111,100460111111,100460117117,100460117117,100460112112,100460112112,100460118118,100460118118,100460116116,
6,100460116116,100460113113,100460113113,100460111111,100460111111,100460114114,100460114114,100460115115,100460115115,100460118118,100460118118,100460116116,
6,100460116116,100460113113,100460113113,100460111111,100460111111,100460114114,100460114114,100460118118,100460118118,100460112112,100460112112,100460116116,
6,100460116116,100460112112,100460112112,100460117117,100460117117,100460111111,100460111111,100460114114,100460114114,100460118118,100460118118,100460116116,
6,100460116116,100460117117,100460117117,100460113113,100460113113,100460114114,100460114114,100460115115,100460115115,100460118118,100460118118,100460116116,
6,100460116116,100460117117,100460117117,100460112112,100460112112,100460118118,100460118118,100460115115,100460115115,100460114114,100460114114,100460116116,
6,100460116116,100460117117,100460117117,100460111111,100460111111,100460114114,100460114114,100460115115,100460115115,100460118118,100460118118,100460116116,
6,100460113113,100460117117,100460117117,100460112112,100460112112,100460118118,100460118118,100460115115,100460115115,100460114114,100460114114,100460113113,
6,100460113113,100460117117,100460117117,100460112112,100460112112,100460118118,100460118118,100460114114,100460114114,100460111111,100460111111,100460113113,
6,100460115115,100460114114,100460114114,100460111111,100460111111,100460117117,100460117117,100460112112,100460112112,100460118118,100460118118,100460115115,
7,100460116116,100460113113,100460113113,100460117117,100460117117,100460112112,100460112112,100460118118,100460118118,100460115115,100460115115,100460114114,100460114114,100460116116,
7,100460116116,100460113113,100460113113,100460117117,100460117117,100460111111,100460111111,100460114114,100460114114,100460115115,100460115115,100460118118,100460118118,100460116116,
7,100460116116,100460113113,100460113113,100460117117,100460117117,100460111111,100460111111,100460114114,100460114114,100460118118,100460118118,100460112112,100460112112,100460116116,
7,100460116116,100460113113,100460113113,100460111111,100460111111,100460114114,100460114114,100460115115,100460115115,100460118118,100460118118,100460112112,100460112112,100460116116,
7,100460116116,100460112112,100460112112,100460117117,100460117117,100460111111,100460111111,100460114114,100460114114,100460115115,100460115115,100460118118,100460118118,100460116116,
7,100460113113,100460117117,100460117117,100460112112,100460112112,100460118118,100460118118,100460115115,100460115115,100460114114,100460114114,100460111111,100460111111,100460113113,
8,100460116116,100460113113,100460113113,100460117117,100460117117,100460111111,100460111111,100460114114,100460114114,100460115115,100460115115,100460118118,100460118118,100460112112,100460112112,100460116116,
0,